검출 범위
(22, 128) (58, 933) (1816, 225) (1919, 991)
(58, 225) (1816, 933)

정확한 원본 코너
[635, 613], [765, 613], [765, 354], [895, 354], [895, 613], [1024, 613], [1024, 354], [1154, 354], [1154, 613], [1284, 613], [1284, 743], [635, 743]
외부 컨투어
[633, 613], [763, 611], [765, 352], [897, 354], [897, 611], [1022, 611], [1022, 354], [1154, 352], [1156, 611], [1286, 613], [1286, 743], [635, 745]
내부 컨투어
[637, 615], [767, 611], [767, 356], [893, 356], [893, 611], [1022, 615], [1026, 356], [1152, 356], [1152, 611], [1282, 615], [1282, 741], [637, 741]
해리스 코너
[636, 614], [764, 612], [766, 355], [894, 355], [896, 612], [1023, 612], [1025, 355], [1153, 355], [1155, 612], [1283, 614], [1283, 742], [636, 742]