원본    12 [637 615] [637 741] [1282  741] [1282  615] [1152  611] [1152  356] [1026  356] [1022  615] [893 611] [893 356] [767 356] [767 611]

rotation1
틀어진것  [870 355] [871 612] [779 616] [778 742] [1234  742] [1234  615] [1140  614] [1142  355] [1053  355] [1050  616] [956 613] [957 355]
보정후    [636 615] [636 741] [1281  741] [1281  614] [1151  614] [1151  355] [1025  354] [1027  613] [890 611] [889 356] [764 353] [767 612]
pts1 = np.float32([[779, 616], [778, 742], [1234, 615], [1234, 742]])
pts2 = np.float32([[637, 615], [637, 741], [1282, 615], [1282, 741]])

rotation2
틀어진것  [1142  340] [1054  391] [1054  600] [956 654] [956 448] [871 497] [871 706] [779 762] [779 863] [1234  600] [1234  497] [1140  548]
보정후    [636 614] [635 742] [1281  742] [1280  616] [1152  613] [1154  355] [1029  355] [1028  613] [892 611] [892 353] [768 351] [768 612]
pts1 = np.float32([[779, 762], [779, 863], [1234, 497], [1234, 600]])
pts2 = np.float32([[637, 615], [637, 741], [1282, 615], [1282, 741]])

rotation3
틀어진것  [636 642] [636 731] [1283  731] [1283  642] [1151  640] [1153  459] [1025  459] [1023  643] [892 640] [894 459] [766 459] [764 643]
보정후    [637 614] [637 740] [1282  740] [1282  614] [1151  613] [1152  355] [1025  355] [1024  615] [893 613] [894 355] [767 355] [768 613]
pts1 = np.float32([[636, 642], [636, 731], [1283, 642], [1283, 731]])
pts2 = np.float32([[637, 615], [637, 741], [1282, 615], [1282, 741]])

rotation4
틀어진것  [777 340] [779 547] [686 496] [685 600] [1141  864] [1140  762] [1048  707] [1048  497] [962 447] [962 653] [865 601] [865 391]
보정후    [1283  614] [1150  612] [1151  350] [1024  352] [1020  616] [890 616] [887 355] [761 357] [765 613] [638 618] [638 742] [1278  741]
pts1 = np.float32([[686, 496], [685, 600], [1140, 762], [1141, 864]])
pts2 = np.float32([[637, 615], [637, 741], [1282, 615], [1282, 741]])

rotation5
틀어진것  [777 355] [779 614] [685 615] [685 742] [1141  742] [1140  616] [1048  613] [1049  355] [961 355] [958 616] [865 613] [866 355]
보정후    [1283  615] [1152  612] [1155  353] [1029  356] [1028  613] [951 616] [892 613] [894 354] [768 355] [768 614] [638 614] [638 741] [1283  741] ? 13개
pts1 = np.float32([[685, 615], [685, 742], [1140, 616], [1141, 742]])
pts2 = np.float32([[637, 615], [637, 741], [1282, 615], [1282, 741]])

rotation6
틀어진것  [1048  287] [960 338] [958 553] [867 604] [866 392] [777 444] [777 655] [685 709] [685 810] [1140  547] [1140  447] [1048  495]
보정후    [1283  615] [1153  612] [1155  346] [1030  349] [1024  615] [893 613] [894 348] [767 347] [769 613] [639 616] [639 741] [1282  741]
pts1 = np.float32([[685, 709], [685, 810], [1140, 447], [1140, 547]])
pts2 = np.float32([[637, 615], [637, 741], [1282, 615], [1282, 741]])

rotation7
틀어진것  [636 550] [636 638] [1283  638] [1282  549] [1151  549] [1153  366] [1025  366] [1024  551] [892 549] [894 366] [766 366] [765 551]
보정후    [637 614] [637 742] [1282  742] [1283  616] [1153  615] [1156  355] [1031  355] [1025  617] [894 613] [897 353] [841 351] [771 353] [770 614] ? 13개
pts1 = np.float32([[636, 550], [636, 638], [1282, 549], [1283, 638]])
pts2 = np.float32([[637, 615], [637, 741], [1282, 615], [1282, 741]])

rotation8
틀어진것  [871 287] [871 494] [779 447] [779 547] [1234  810] [1234  709] [1142  655] [1142  444] [1054  393] [1051  604] [961 553] [958 337]
보정후    [636 615] [636 742] [1280  742] [1280  616] [1153  611] [1152  348] [1026  348] [1025  615] [891 613] [884 347] [767 349] [767 612]
pts1 = np.float32([[779, 447], [779, 547], [1234, 709], [1234, 810]])
pts2 = np.float32([[637, 615], [637, 741], [1282, 615], [1282, 741]])