차영상 도형의 중심점 -> 내부 or 외부
내부 = 길이 감소 / 균일 감소 / 비균일 감소 / 감소
외부 = 길이 증가 / 균일 증가 / 비균일 증가

길이 = 차영상 도형이 항상 사각형 / 높이는 폭이 폭은 높이가 원형과 같음 / 원형의 경계에서 들어가거나 나옴
균일 = 차영상 도형이 항상 삼각형 / 높이는 폭이 폭은 높이가 원형과 같음 / 원형의 경계에서 들어가거나 나옴
비균일 = 원형의 경계에서 들어가거나 나옴 / 

도형 중점 기준 원형의 내`외부 확인
도형은 항상 쌍으로 존재
도형의 꼭지점 중 2개가 원형 꼭지점과 일치
도형쌍은 항상 대칭
이외에는 모두 비균일

균일 길이,
비균일
특수 구멍, 채움

중심점이 밖이고 높이가 원형과 일치하며 4점중 2점이 원본 꼭지점이고 사각형 -> 길이_폭_증가
중심점이 밖이고 폭이 원형과 일치하며 4점중 2점이 원본 꼭지점이고 사각형 -> 길이_높이_증가
중심점이 밖이고 높이가 원형과 90 ~ 95% 이상 일치하며 4점중 2점이 원본 꼭지점 삼각형 -> 균일 돌출
중심점이 밖이고 불규칙해 상기된 특징과 모두 일치하지 않음 -> 비균일 돌출
중심점이 안이고 모든 좌표가 원본 내부에 존재 -> 구멍
중심점이 안이고 높이가 원형과 일치하며 4점중 2점이 원본 꼭지점이고 사각형 -> 길이_폭_감소
중심점이 안이고 폭이 원형과 일치하며 4점중 2점이 원본 꼭지점이고 사각형 -> 길이_높이_감소
중심점이 안이고 높이가 원형과 90 ~ 95% 이상 일치하며 4점중 2점이 원본 꼭지점 삼각형 -> 균일 함몰
중심점이 안이고 불규칙해 상기된 특징과 모두 일치하지 않음 -> 비균일 함몰

[[138, 360], [138, 102], [268, 102], [268, 360], [398, 360], [398, 102], [528, 102], [528, 360]]

1   -	4, 462, 88 [[[397, 76]], [[397, 101]], [[527, 101]], [[527, 76]]]
		4, 203, 88 [[[138, 76]], [[138, 101]], [[268, 101]], [[268, 76]]]
2   - 	4, 540, 231 [[[528, 102]], [[528, 360]], [[553, 360]], [[553, 102]]]
		4, 383, 231 [[[371, 102]], [[371, 360]], [[396, 360]], [[396, 102]]]
		4, 281, 231 [[[269, 102]], [[269, 360]], [[294, 360]], [[294, 102]]]
		4, 124, 231 [[[112, 102]], [[112, 360]], [[137, 360]], [[137, 102]]]
3   -	3, 387, 278 [[[396, 111]], [[372, 360]], [[396, 360]]]
		3, 277, 278 [[[269, 111]], [[269, 360]], [[293, 360]]]
		3, 536, 277 [[[528, 107]], [[528, 360]], [[553, 360]]]
		3, 128, 277 [[[137, 107]], [[112, 360]], [[137, 360]]]
4   -	4, 124, 296 [[[112, 232]], [[112, 360]], [[137, 360]], [[137, 232]]]
		4, 540, 167 [[[528, 102]], [[528, 232]], [[553, 232]], [[553, 102]]]
5   -	13, 382, 231 [[[396, 102]], [[365, 129]], [[372, 155]], [[393, 167]], [[365, 194]], [[373, 221]], [[392, 232]], [[365, 259]], [[371, 283]], [[391, 296]], [[365, 324]], [[371, 348]], [[396, 360]]]
		13, 123, 231 [[[137, 102]], [[106, 128]], [[112, 154]], [[134, 167]], [[106, 193]], [[113, 220]], [[133, 232]], [[106, 258]], [[109, 279]], [[131, 296]], [[106, 323]], [[109, 344]], [[137, 360]]]
6   -	4, 540, 322 [[[528, 309]], [[528, 335]], [[553, 335]], [[553, 309]]]
		4, 383, 218 [[[371, 206]], [[371, 231]], [[396, 232]], [[396, 206]]]
		4, 124, 115 [[[112, 102]], [[112, 128]], [[137, 128]], [[137, 102]]]
		4, 462, 88 [[[449, 76]], [[449, 101]], [[475, 101]], [[475, 76]]]
		4, 229, 88 [[[216, 76]], [[216, 101]], [[242, 101]], [[242, 76]]]
7   -	4, 514, 231 [[[502, 102]], [[502, 360]], [[527, 360]], [[527, 102]]]
		4, 409, 231 [[[397, 102]], [[397, 360]], [[422, 360]], [[422, 102]]]
		4, 255, 231 [[[243, 102]], [[243, 360]], [[268, 360]], [[268, 102]]]
		4, 150, 231 [[[138, 102]], [[138, 360]], [[163, 360]], [[163, 102]]]
8   -	4, 462, 114 [[[397, 102]], [[397, 127]], [[527, 127]], [[527, 102]]]
		4, 203, 114 [[[138, 102]], [[138, 127]], [[268, 127]], [[268, 102]]]
9   -	3, 518, 277 [[[527, 108]], [[502, 360]], [[527, 360]]]
		3, 146, 277 [[[138, 108]], [[138, 360]], [[163, 360]]]
		3, 405, 276 [[[397, 104]], [[397, 360]], [[422, 360]]]
		3, 259, 276 [[[268, 104]], [[243, 360]], [[268, 360]]]
10  -	4, 332, 347 [[[269, 335]], [[269, 360]], [[396, 360]], [[396, 335]]]
11  -	4, 242, 322 [[[230, 310]], [[230, 334]], [[254, 334]], [[254, 310]]]
		4, 449, 296 [[[437, 285]], [[437, 308]], [[461, 308]], [[461, 285]]]
		4, 216, 245 [[[204, 233]], [[204, 257]], [[228, 257]], [[228, 233]]]
		4, 475, 167 [[[463, 155]], [[463, 179]], [[487, 179]], [[487, 155]]]
12  -	10, 202, 231 [[[196, 181]], [[164, 198]], [[153, 220]], [[153, 244]], [[174, 274]], [[211, 282]], [[230, 275]], [[246, 259]], [[253, 222]], [[234, 191]]]
13  -	4, 409, 348 [[[397, 336]], [[397, 360]], [[422, 360]], [[422, 336]]]
		4, 150, 271 [[[138, 259]], [[138, 283]], [[163, 283]], [[163, 259]]]
		4, 255, 141 [[[243, 129]], [[243, 153]], [[268, 153]], [[268, 129]]]
		4, 488, 114 [[[476, 102]], [[476, 127]], [[500, 127]], [[500, 102]]]
14  -	13, 410, 231 [[[397, 103]], [[403, 360]], [[424, 346]], [[428, 322]], [[397, 296]], [[422, 284]], [[428, 257]], [[397, 232]], [[422, 219]], [[428, 192]], [[397, 167]], [[423, 153]], [[428, 127]]]
		13, 254, 231 [[[264, 103]], [[237, 127]], [[242, 153]], [[268, 167]], [[244, 178]], [[237, 207]], [[268, 232]], [[243, 244]], [[237, 271]], [[268, 297]], [[243, 309]], [[237, 336]], [[268, 360]]]
15  -	4, 332, 219 [[[269, 206]], [[269, 232]], [[396, 232]], [[396, 206]]]
16  -	3, 260, 352 [[[268, 336]], [[244, 360]], [[268, 360]]]
		3, 404, 214 [[[421, 207]], [[397, 206]], [[397, 231]]]
		3, 260, 119 [[[268, 103]], [[244, 127]], [[268, 127]]]
		3, 155, 110 [[[139, 102]], [[163, 126]], [[163, 102]]]
17  -	4, 332, 231 [[[320, 102]], [[320, 360]], [[345, 360]], [[345, 102]]]